1,宋朝中餐廳,02-2704-1394,106台北市大安區和平東路二段107巷23弄17號,"星期六 11:30–14:30, 17:00–22:00
星期日 11:30–14:30, 17:00–22:00
星期一 11:30–14:30, 17:00–22:00
星期二 11:30–14:30, 17:00–22:00
星期三 11:30–14:30, 17:00–22:00
星期四 11:30–14:30, 17:00–22:00
星期五 11:30–14:30, 17:00–22:00",10,中式,1,https://inline.app/booking/-O5poH-I225vsSDVsCn8:inline-live-3/-O5poHEUeB3eii4qURdu?language=zh-tw,https://www.instagram.com/songjhaotaipei/,https://g.co/kgs/DZDHC4k,c://,0,0,0,0,1
71,ANTICO FORNO,02 2706 3322 ,台北市大安區瑞安街141號,"星期五	12:00–15:00, 18:00–22:00
星期六	12:00–15:00, 18:00–22:00
星期日	12:00–15:00, 18:00–22:00
星期一	18:00–22:00
星期二	18:00–22:00
星期三	18:00–22:00
星期四	18:00–22:00",0,荷包對不起,5,https://inline.app/booking/-LcYu2yHzAgQ7fJih8BJ:inline-live-2a466/-LcYu31MUMDWF46cEXJa?language=zh-tw,https://www.facebook.com/anticoforno141/?locale=zh_TW,"https://www.google.com.tw/maps/place/ANTICO+FORNO+%E8%80%81%E7%83%A4%E7%AE%B1%E7%BE%A9%E5%BC%8F%E6%8A%AB%E8%96%A9%E9%A4%90%E9%85%92/@25.0266707,121.5371222,17z/data=!3m1!4b1!4m6!3m5!1s0x3442aa298106c151:0x7ab8e448098f2660!8m2!3d25.0266707!4d121.5397025!16s%2Fg%2F1pzrrhst6?hl=zh-TW&entry=ttu&g_ep=EgoyMDI0MTIwMy4wIKXMDSoASAFQAw%3D%3D",c://,0,0,0,0,0
5,CHIC BISTRO 餐酒館,0975-610-639,106台北市大安區瑞安街71巷5弄2號,"星期六 17:00–01:00
星期日 17:00–00:00
星期一 休息
星期二 17:00–00:00
星期三 17:00–00:00
星期四 17:00–00:00
星期五 17:00–01:00",0,中式,1,電話訂位,https://www.instagram.com/chic_bistro_tpe/,https://g.co/kgs/UdZj27G,c://,0,0,0,0,0
70,彰化肉圓,02 2752 1428,台北市大安區安東街35巷4之1號,"星期六	15:30–18:30
星期日	休息
星期一	15:30–18:30
星期二	15:30–18:30
星期三	15:30–18:30
星期四	15:30–18:30
星期五	15:30–18:30",0,小吃店,4,無,無,無,c://,0,0,0,0,0
72,CHIC BISTRO 餐酒館,0975 610 639,台北市大安區瑞安街71巷5弄2號,"星期五17:00–01:00

星期六17:00–01:00

星期日17:00–00:00

星期一休息

星期二17:00–00:00

星期三17:00–00:00

星期四17:00–00:00",0,荷包對不起,5,無外送 電話訂位,https://www.facebook.com/p/CHIC_Bistro-%E9%A4%90%E9%85%92%E9%A4%A8-100091564255823/?_rdr,"https://www.google.com.tw/maps/place/CHIC+BISTRO+%E9%A4%90%E9%85%92%E9%A4%A8/@25.0280747,121.5391699,17z/data=!3m1!4b1!4m6!3m5!1s0x3442abdb3a1f0567:0xafec453e48dc2b21!8m2!3d25.0280747!4d121.5417502!16s%2Fg%2F11kj854xqf?hl=zh-TW&entry=ttu&g_ep=EgoyMDI0MTIwMy4wIKXMDSoASAFQAw%3D%3D",c://,0,0,0,0,0
74,The Tavernist,02 2779 0688,台北市大安區仁愛路四段27巷25號12F,"星期五、07:00–01:00
星期六、07:00–01:00
星期日、07:00–00:00
星期一、07:00–00:00
星期二、07:00–00:00
星期三、07:00–00:00
星期四、07:00–00:00",0,荷包對不起,5,https://inline.app/booking/-MJZrBd7MPrfENM9poig:inline-live-1/-MJZrBuAyXJY0FOoVfSa?language=zh-tw,https://www.thetavernist.com/zh/home-slides-zh/,"https://www.google.com.tw/maps/place/The+Tavernist/@25.0404117,121.5429035,17z/data=!3m1!4b1!4m6!3m5!1s0x3442ab25a117c6c5:0x63887e5ca2044593!8m2!3d25.0404117!4d121.5454838!16s%2Fg%2F11fj0vcmv7?hl=zh-TW&entry=ttu&g_ep=EgoyMDI0MTIwNC4wIKXMDSoASAFQAw%3D%3D",c://,0,0,0,0,0
8,Barkers,02-2377-3238,106台北市大安區和平東路二段118巷41號,"星期六 11:00–14:30, 16:30–20:30
星期日 休息
星期一 11:00–14:30, 16:30–20:30
星期二 11:00–14:30, 16:30–20:30
星期三 11:00–14:30, 16:30–20:30
星期四 11:00–14:30, 16:30–20:30
星期五 11:00–14:30, 16:30–20:30",0,美式,1,電話訂位,https://shop.ichefpos.com/store/8Xk_P_2g/ordering,https://g.co/kgs/Yk6rCcL,c://,0,0,0,0,0
10,小原田日本料理 公館店,02-2366-1869,106台北市大安區羅斯福路三段277號2F,"星期六 11:30–14:30, 17:30–21:00
星期日 11:30–14:30, 17:30–21:00
星期一 11:30–14:30, 17:30–21:00
星期二 11:30–14:30, 17:30–21:00
星期三 11:30–14:30, 17:30–21:00
星期四 11:30–14:30, 17:30–21:00
星期五 11:30–14:30, 17:30–21:00",0,日式,1,https://www.foodpanda.com.tw/restaurant/wwnz/xiao-yuan-tian-tai-bei-gong-guan-dian?utm_source=google&utm_medium=organic&utm_campaign=google_reserve_place_order_action,https://www.facebook.com/oharuda0012017/menu/,https://g.co/kgs/nRT2gL2,c://,0,0,0,0,0
18,龜記 公館店,02 2366 0667,台北市中正區汀州路三段174-1號,"星期六11:00–22:00
星期日11:00–22:00
星期一11:00–22:00
星期二00:00–22:00
星期三11:00–22:00
星期四11:00–22:00
星期五11:00–22:00",0,純茶派,2,https://www.ubereats.com/tw/store/%E9%BE%9C%E8%A8%98%E8%8C%97%E5%93%81-%E5%85%AC%E9%A4%A8%E5%BA%97/T_Hd1T3UR4mDIcM6VZyuXg?diningMode=DELIVERY&pl=JTdCJTIyYWRkcmVzcyUyMiUzQSUyMiVFNSU5QyU4QiVFNyVBQiU4QiVFOCU4NyVCQSVFNyU4MSVBMyVFNSVBNCVBNyVFNSVBRCVCOCUyMiUyQyUyMnJlZmVyZW5jZSUyMiUzQSUyMkNoSUpxUzR5X29tcFFqUVJabjhkN2dRRWRTRSUyMiUyQyUyMnJlZmVyZW5jZVR5cGUlMjIlM0ElMjJnb29nbGVfcGxhY2VzJTIyJTJDJTIybGF0aXR1ZGUlMjIlM0EyNS4wMTczNDA1JTJDJTIybG9uZ2l0dWRlJTIyJTNBMTIxLjUzOTc1MTglN0Q%3D,https://www.facebook.com/profile.php?id=100063793186014,https://www.google.com.tw/maps/place/%E9%BE%9C%E8%A8%98%E8%8C%97%E5%93%81+%E5%85%AC%E9%A4%A8%E5%BA%97/@25.0131975,c://,0,0,0,0,0
2,湘八老,02-2709-7979,106台北市大安區安和路二段74巷8號,"星期六 11:30–14:00, 17:30–21:00
星期日 11:30–14:00, 17:30–21:00
星期一 11:30–14:00, 17:30–21:00
星期二 休息
星期三 11:30–14:00, 17:30–21:00
星期四 11:30–14:00, 17:30–21:00
星期五 11:30–14:00, 17:30–21:00",0,中式,1,https://inline.app/booking/-LuqUhMNVTJHkiNtnhLV:inline-live-1/-LuqUhl05byXV1JqMdcT?language=zh-tw,https://www.pengyuan.com.tw/branch/menu/xiangbalao#38,https://g.co/kgs/Df5rhM5,c://,0,0,0,0,0
63,大福利排骨大王 公館店,02 2365 1009,台北市中正區羅斯福路三段286巷12號,"星期六	11:00–20:30
星期日	11:00–20:30
星期一	11:00–20:30
星期二	11:00–20:30
星期三	11:00–20:30
星期四	11:00–20:30
星期五	11:00–20:30",0,台式便當,4,ubereats.com, foodpanda.com.tw,無,c://,0,0,0,0,0
46,阿諾可麗餅,02 2369 5151,106台北市大安區師大路39巷1號,"星期六 12:30–23:00
星期日 12:30–23:00
星期一 12:30–23:00
星期二 12:30–23:00
星期三 12:30–23:00
星期四 12:30–23:00
星期五 12:30–23:00",0,甜,3,https://www.ubereats.com/tw/store/%E9%98%BF%E8%AB%BE%E5%8F%AF%E9%BA%97%E9%A4%85-%E5%B8%AB%E5%A4%A7%E5%BA%97/2WNwkU4KTi6rJozTDVmmHA?utm_campaign=CM2508147-search-free-nonbrand-google-pas_e_all_acq_Global&utm_medium=search-free-nonbrand&utm_source=google-pas,https://www.facebook.com/arnorcrepestaiwan/,https://g.co/kgs/NNj19Gt,c://,0,0,0,0,0
48,何太守港式菠蘿包專賣店,02 2368 0006,100台北市中正區汀州路三段167號,"星期六 11:00–22:00
星期日 11:00–22:00
星期一 11:00–22:00
星期二 11:00–22:00
星期三 11:00–22:00
星期四 11:00–22:00
星期五 11:00–22:00",0,甜,3,https://www.foodpanda.com.tw/restaurant/qibc/he-tai-shou-gang-shi-bo-luo-bao-zhuan-mai-dian?utm_source=google&utm_medium=organic&utm_campaign=google_reserve_place_order_action,https://www.hotaiso.com/,https://g.co/kgs/a855Szk,c://,0,0,0,0,0
47,甜逗豆花,02 8732 7622,106台北市大安區和平東路二段118巷63號1樓,"星期六 11:00–20:30
星期日 11:00–18:30
星期一 11:00–20:30
星期二 11:00–20:30
星期三 11:00–20:30
星期四 11:00–20:30
星期五 11:00–20:30",0,甜,3,https://www.ubereats.com/tw/store/%E7%94%9C%E9%80%97%E8%B1%86%E8%8A%B1/jt1MjmLEX5G6dPtRuLKqGQ?utm_campaign=CM2508147-search-free-nonbrand-google-pas_e_all_acq_Global&utm_medium=search-free-nonbrand&utm_source=google-pas,https://line.me/R/ti/p/@snf7125c,https://g.co/kgs/M7bkixX,c://,0,0,0,0,0
44,小木屋鬆餅(台大店),02 8369 5722,106台北市大安區羅斯福路四段1號,"星期六 09:30–18:30
星期日 09:30–18:30
星期一 09:30–19:00
星期二 09:30–19:00
星期三 09:30–19:00
星期四 09:30–19:00
星期五 09:30–19:00",0,甜,3,https://shinemood2006.com/news_detail.php?id=833,https://www.shinemood2006.com/,https://g.co/kgs/vLBpYUj ,c://,0,0,0,0,0
45,小鳥餵 脆皮雞蛋糕,0979 121 398,106台北市大安區師大路55號,"星期六 13:30–22:30
星期日 13:30–22:30
星期一 13:30–22:30
星期二 13:30–22:30
星期三 13:30–22:30
星期四 13:30–22:30
星期五 13:30–22:30",0,甜,3,https://www.foodpanda.com.tw/restaurant/co1d/xiao-niao-wei-cui-pi-ji-dan-gao-tai-bei-shi-da-dian?utm_source=google&utm_medium=organic&utm_campaign=google_reserve_place_order_action,https://www.facebook.com/shallweeggcake/,https://g.co/kgs/B7BRK56,c://,0,0,0,0,0
52,吉米樂狗 Jimmy's Hotdog Club,0908 214 380,106台北市大安區信義路四段30巷52號,"星期一	休息
星期二	11:00–21:00
星期三	11:00–21:00
星期四	11:00–21:00
星期五	11:00–21:00
星期六	11:00–21:00
星期日	11:00–21:00",0,鹹,3,https://www.ubereats.com/tw/store/%E5%90%89%E7%B1%B3%E6%A8%82%E7%8B%97-jimmys-hotdog-club/BTvoFwkCQM2pXNCe_EeGlA?utm_campaign=CM2508147-search-free-nonbrand-google-pas_e_all_acq_Global&utm_medium=search-free-nonbrand&utm_source=google-pas,https://www.facebook.com/jimmyshotdogclub/,https://g.co/kgs/agFb1h3,c://,0,0,0,0,0
53,徐記古早味水煎包,無,106台北市大安區敦化南路二段81巷45弄10號,"星期一	06:00–13:00
星期二	06:00–13:00
星期三	06:00–13:00
星期四	06:00–13:00
星期五	06:00–13:00
星期六	休息
星期日	休息",0,鹹,3,https://www.ubereats.com/tw/store/%E5%BE%90%E8%A8%98%E5%8F%A4%E6%97%A9%E5%91%B3%E6%B0%B4%E7%85%8E%E5%8C%85-%E6%95%A6%E5%8C%96%E5%BA%97/aUp1IpryVfmy8vUl54stqA?utm_campaign=CM2508147-search-free-nonbrand-google-pas_e_all_acq_Global&utm_medium=search-free-nonbrand&utm_source=google-pas,https://www.instagram.com/syuji1999/?igshid=OGQ5ZDc2ODk2ZA%3D%3D,https://g.co/kgs/kEMV2PX,c://,0,0,0,0,0
51,師園鹽酥雞,02 2363 3999,106台北市大安區師大路39巷14號,"星期一	12:00–00:30
星期二	12:00–00:30
星期三	12:00–00:30
星期四	12:00–00:30
星期五	12:00–00:30
星期六	12:00–00:30
星期日	12:00–00:30",0,鹹,3,https://www.ubereats.com/tw/store/%E5%B8%AB%E5%9C%92%E9%B9%BD%E9%85%A5%E9%9B%9E-%E5%B8%AB%E5%A4%A7%E5%BA%97/7zgnlb3vRaiSRTMRNXcJ8Q?utm_campaign=CM2508147-search-free-nonbrand-google-pas_e_all_acq_Global&utm_medium=search-free-nonbrand&utm_source=google-pas,https://line.me/R/ti/p/%40441smpof,https://g.co/kgs/xjeC58C,c://,0,0,0,0,0
49,ChocoChez Bakery,02 2325 5062,106台北市大安區復興南路一段279巷24號,"星期六 11:00–18:00
星期日 11:00–18:00
星期一 11:00–18:00
星期二 11:00–18:00
星期三 11:00–18:00
星期四 11:00–18:00
星期五 11:00–18:00",0,甜,3,https://www.ubereats.com/tw/store/%E9%9F%93%E5%BC%8F%E7%94%9C%E9%BB%9E-chocochez-bakery/OZP3CrB4VBygs007v6PaDw?diningMode=PICKUP&utm_campaign=CM2508147-search-free-nonbrand-google-pas_e_all_acq_Global&utm_medium=search-free-nonbrand&utm_source=google-pas,https://www.instagram.com/chocochez.kr/?igshid=MzRlODBiNWFlZA%3D%3D,https://g.co/kgs/U9uGzWX,c://,0,0,0,0,0
50,炸雞大獅 北市公館店,02 2368 2551,100台北市中正區羅斯福路三段316巷3號,"星期日        11:30–22:30
星期一        11:30–21:30
星期二        11:30–21:30
星期三        11:30–21:30
星期四        11:30–21:30
星期五        11:30–22:30
星期六        11:30–22:30",0,鹹,3,https://www.foodpanda.com.tw/restaurant/e2qw/zha-ji-da-shi-zhong-zheng-gong-guan-2dian?utm_source=google&utm_medium=organic&utm_campaign=google_reserve_place_order_action,https://www.chickenmaster.com.tw/,https://g.co/kgs/n3MPdY9,c://,0,0,0,0,0
76,Zorba 希臘左巴 台大店,02 2363 3925,台北市大安區羅斯福路三段283巷7弄16號,"星期六	11:00–22:00
星期日	11:00–21:30
星期一	11:00–21:30
星期二	11:00–21:30
星期三	11:00–21:30
星期四	11:00–21:30
星期五	11:00–22:00",0,荷包對不起,5,https://greek-go.com/, foodpanda.com.tw,"https://www.google.com.tw/maps/place/Zorba/@25.0192148,121.5215423,15z/data=!4m10!1m2!2m1!1sZORBA!3m6!1s0x3442a98f7dbad393:0x57273d8520cefa2!8m2!3d25.0188176!4d121.5310018!15sCgVaT1JCQVoHIgV6b3JiYZIBEGdyZWVrX3Jlc3RhdXJhbnTgAQA!16s%2Fg%2F1hjgw3trt?hl=zh-TW&entry=ttu&g_ep=EgoyMDI0MTIwNC4wIKXMDSoASAFQAw%3D%3D",c://,0,0,0,0,0
79,小螺波 公館店,02 2362 9219,台北市中正區羅斯福路三段284巷11號一樓,"星期六11:00–21:00
星期日11:00–21:00
星期一11:00–21:00
星期二11:00–21:00
星期三11:00–21:00
星期四11:00–21:00
星期五11:00–21:00",0,罪惡一下,5,https://shop.ichefpos.com/store/GSVrc-1V/ordering,https://www.xiaoluobo.com.tw/,"https://www.google.com.tw/maps/place/%E5%B0%8F%E8%9E%BA%E6%B3%A2+%E5%85%AC%E9%A4%A8%E5%BA%97+-+%E5%8F%B0%E7%81%A3%E8%9E%BA%E8%9E%84%E7%B2%89%E7%AC%AC%E4%B8%80%E5%93%81%E7%89%8C/@25.0161306,121.5214048,15z/data=!3m1!4b1!4m6!3m5!1s0x3442a9754fa26625:0x5ec83927deebdf36!8m2!3d25.0161115!4d121.5317046!16s%2Fg%2F11ny1hd_2k?hl=zh-TW&entry=ttu&g_ep=EgoyMDI0MTIwNC4wIKXMDSoASAFQAw%3D%3D",c://,0,0,0,0,0
62,黑滷魯肉便當專賣店,02 2366 0707,台北市中正區汀州路三段283號,"星期五	10:00–14:00
星期六	休息
星期日	10:00–14:00, 16:00–20:00
星期一	10:00–14:00, 16:00–20:00
星期二	10:00–14:00, 16:00–20:00
星期三	10:00–14:00, 16:00–20:00
星期四	10:00–14:00, 16:00–20:00",0,台式便當,4, foodpanda.com.tw, ubereats.com,無,c://,0,0,0,0,0
66,鳳城燒臘粵菜 (百合店), 02 2362 5988,台北市大安區羅斯福路三段283巷6號1樓,"星期六	11:00–14:30, 17:00–20:30
星期日	11:00–14:30, 17:00–20:30
星期一	11:00–14:30, 17:00–20:30
星期二	11:00–14:30, 17:00–20:30
星期三	11:00–14:30, 17:00–20:30
星期四	11:00–14:30, 17:00–20:30
星期五	11:00–14:30, 17:00–20:30",0,台式便當,4," foodpanda.com.tw
https://www.ubereats.com/tw/store/%E9%B3%B3%E5%9F%8E%E7%87%92%E8%87%98%E7%99%BE%E5%90%88%E5%BA%97-%E5%85%AC%E9%A4%A8%E5%8F%B0%E5%A4%A7%E5%95%86%E5%9C%88/jVbm3v4bQuaAbr2ZQbck3w?srsltid=AfmBOooGFFMtcf1XDyz74IBZTQd8cncbXF7k9aU0pNFJQIcr0ACxPLr-","https://www.facebook.com/Fengchenglily/?locale=zh_TW

",無,c://,0,0,0,0,0
84,芋芋甜點舖,02 2366 0588,106台北市大安區新生南路三段76巷5號,"星期六12:00–20:00
星期日12:00–20:00
星期一12:00–20:00
星期二12:00–20:00
星期三12:00–20:00
星期四12:00–20:00
星期五12:00–20:00",0,來點糖分,5,https://www.ubereats.com/tw/store/%E5%85%AC%E9%A4%A8%E5%95%86%E5%9C%88-%E8%8A%8B%E8%8A%8B%E7%94%9C%E9%BB%9E%E8%88%96/R7f5Y-jLX9qmnIvODGI2aQ?diningMode=DELIVERY,https://www.tarodessert.com.tw/,"https://www.google.com.tw/maps/place/%E8%8A%8B%E8%8A%8B%E7%94%9C%E9%BB%9E%E8%88%96/@25.0191305,121.5230063,15z/data=!3m1!4b1!4m6!3m5!1s0x3442a97be312444d:0x209c637cc088225b!8m2!3d25.0191114!4d121.5333061!16s%2Fg%2F11rt01mh76?hl=zh-TW&entry=ttu&g_ep=EgoyMDI0MTIwNC4wIKXMDSoASAFQAw%3D%3D",c://,0,0,0,0,0
59,OL健康餐盒大安店,02 2377 8792,台北市大安區和平東路三段228巷13號,"星期五	11:00–14:00, 17:00–19:00
星期六	休息
星期日	休息
星期一	11:00–14:00, 17:00–19:00
星期二	11:00–14:00, 17:00–19:00
星期三	11:00–14:00, 17:00–19:00
星期四	11:00–14:00, 17:00–19:00",0,健康餐盒,4, foodpanda.com.tw, imenu.com.tw,無,c://,0,0,0,0,0
89,肉桂樹 the Cinnamon Tree 師大店,02 2367 5557,台北市大安區師大路49巷3號 ,"星期六12:00–21:00
星期日12:00–20:00
星期一12:00–20:00
星期二12:00–20:00
星期三12:00–20:00
星期四12:00–20:00
星期五12:00–20:00",0,來點糖分,5,https://www.ubereats.com/tw/store/the-cinnamon-tree-%E8%82%89%E6%A1%82%E6%A8%B9/xs_4ZBtUW4Cf16mm91ZcHg?diningMode=DELIVERY&pl=JTdCJTIyYWRkcmVzcyUyMiUzQSUyMiVFNSU5QyU4QiVFNyVBQiU4QiVFOCU4NyVCQSVFNyU4MSVBMyVFNSVBNCVBNyVFNSVBRCVCOCUyMiUyQyUyMnJlZmVyZW5jZSUyMiUzQSUyMkNoSUpxUzR5X29tcFFqUVJabjhkN2dRRWRTRSUyMiUyQyUyMnJlZmVyZW5jZVR5cGUlMjIlM0ElMjJnb29nbGVfcGxhY2VzJTIyJTJDJTIybGF0aXR1ZGUlMjIlM0EyNS4wMTczNDA1JTJDJTIybG9uZ2l0dWRlJTIyJTNBMTIxLjUzOTc1MTglN0Q%3D,https://tcturl.com/,"https://www.google.com.tw/maps/place/%E8%82%89%E6%A1%82%E6%A8%B9+the+Cinnamon+Tree/@25.0278006,121.5242384,16z/data=!4m10!1m2!2m1!1z6IKJ5qGC5qi5IHRoZSBDaW5uYW1vbiBUcmVl!3m6!1s0x3442a99eb1b0d51b:0x977c43fc6a74b64c!8m2!3d25.0312988!4d121.5300035!15sChvogonmoYLmqLkgdGhlIENpbm5hbW9uIFRyZWVaHiIc6IKJ5qGCIOaouSB0aGUgY2lubmFtb24gdHJlZZIBBmJha2VyeeABAA!16s%2Fg%2F11tx3rs3bd?hl=zh-TW&entry=ttu&g_ep=EgoyMDI0MTIwNC4wIKXMDSoASAFQAw%3D%3D",c://,0,0,0,0,0
42,"
一沐日 公館羅斯福店",02 2367 5001,台北市中正區羅斯福路四段16號,"星期六	11:00–21:00
星期日	11:00–21:00
星期一	10:00–21:00
星期二	10:00–21:00
星期三	10:00–21:00
星期四	10:00–21:00
星期五	10:00–21:00",0,咀嚼系,2,https://www.ubereats.com/tw/store/%E4%B8%80%E6%B2%90%E6%97%A5-%E5%85%AC%E9%A4%A8%E7%BE%85%E6%96%AF%E7%A6%8F%E5%BA%97/Nr4vnze4WtaYeuIHdoFOeg?diningMode=DELIVERY&pl=JTdCJTIyYWRkcmVzcyUyMiUzQSUyMiVFNSU5QyU4QiVFNyVBQiU4QiVFOCU4NyVCQSVFNyU4MSVBMyVFNSVBNCVBNyVFNSVBRCVCOCUyMiUyQyUyMnJlZmVyZW5jZSUyMiUzQSUyMkNoSUpxUzR5X29tcFFqUVJabjhkN2dRRWRTRSUyMiUyQyUyMnJlZmVyZW5jZVR5cGUlMjIlM0ElMjJnb29nbGVfcGxhY2VzJTIyJTJDJTIybGF0aXR1ZGUlMjIlM0EyNS4wMTczNDA1JTJDJTIybG9uZ2l0dWRlJTIyJTNBMTIxLjUzOTc1MTglN0Q%3D,https://www.aniceholiday.com.tw/beverages/store/65,https://www.google.com.tw/maps/place/%E4%B8%80%E6%B2%90%E6%97%A5+%E5%85%AC%E9%A4%A8%E7%BE%85%E6%96%AF%E7%A6%8F%E5%BA%97/@25.0194321,c://,0,0,0,0,0
34,"
可不可熟成紅茶 台北公館店",02 2368 0260,台北市中正區汀州路三段174號,"星期六10:30–23:00
星期日10:30–22:30
星期一10:30–22:30
星期二10:30–22:30
星期三10:30–22:30
星期四10:30–22:30
星期五10:30–23:00",0,奶類讚,2,https://www.ubereats.com/tw/store/%E5%8F%AF%E4%B8%8D%E5%8F%AF%E7%86%9F%E6%88%90%E7%B4%85%E8%8C%B6-%E5%8F%B0%E5%8C%97%E5%85%AC%E9%A4%A8%E5%BA%97/sX6HDK_WR1uLpJKD4khT2Q?diningMode=DELIVERY&pl=JTdCJTIyYWRkcmVzcyUyMiUzQSUyMiVFNSU5QyU4QiVFNyVBQiU4QiVFOCU4NyVCQSVFNyU4MSVBMyVFNSVBNCVBNyVFNSVBRCVCOCUyMiUyQyUyMnJlZmVyZW5jZSUyMiUzQSUyMkNoSUpxUzR5X29tcFFqUVJabjhkN2dRRWRTRSUyMiUyQyUyMnJlZmVyZW5jZVR5cGUlMjIlM0ElMjJnb29nbGVfcGxhY2VzJTIyJTJDJTIybGF0aXR1ZGUlMjIlM0EyNS4wMTczNDA1JTJDJTIybG9uZ2l0dWRlJTIyJTNBMTIxLj,https://www.facebook.com/p/%E5%8F%AF%E4%B8%8D%E5%8F%AF%E7%86%9F%E6%88%90%E7%B4%85%E8%8C%B6-%E5%8F%B0%E5%8C%97%E5%85%AC%E9%A4%A8%E5%BA%97-100057635821586/,https://www.google.com.tw/maps/place/%E5%8F%AF%E4%B8%8D%E5%8F%AF%E7%86%9F%E6%88%90%E7%B4%85%E8%8C%B6+%E5%8F%B0%E5%8C%97%E5%85%AC%E9%A4%A8%E5%BA%97/@25.0132126,c://,0,0,0,0,0
39,水巷茶弄(台北長春店),02 2713 3811,台北市中山區長春路368號,"星期六10:30–00:00
星期日10:30–00:00
星期一10:30–00:00
星期二10:30–00:00
星期三10:30–00:00
星期四10:30–00:00
星期五10:30–00:00",0,咀嚼系,2,"https://www.ubereats.com/tw/store/%E6%B0%B4%E5%B7%B7%E8%8C%B6%E5%BC%84-%E5%8F%B0%E5%8C%97%E9%95%B7%E6%98%A5%E5%BA%97/Z6dd8H5vTWCI33WNJ4AxsQ?diningMode=DELIVERY&pl=JTdCJTIyYWRkcmVzcyUyMiUzQSUyMiVFNSU5QyU4QiVFNyVBQiU4QiVFOCU4NyVCQSVFNyU4MSVBMyVFNSVBNCVBNyVFNSVBRCVCOCUyMiUyQyUyMnJlZmVyZW5jZSUyMiUzQSUyMkNoSUpxUzR5X29tcFFqUVJabjhkN2dRRWRTRSUyMiUyQyUyMnJlZmVyZW5jZVR5cGUlMjIlM0ElMjJnb29nbGVfcGxhY2VzJTIyJTJDJTIybGF0aXR1ZGUlMjIlM0EyNS4wMTczNDA1JTJDJTIybG9uZ2l0dWRlJTIyJTNBMTIxLjUzOTc1MTglN0Q%3D

https://w",https://www.chanung.com.tw/,https://www.google.com.tw/maps/place/%E6%B0%B4%E5%B7%B7%E8%8C%B6%E5%BC%84(%E5%8F%B0%E5%8C%97%E9%95%B7%E6%98%A5%E5%BA%97)/@25.0544431,c://,0,0,0,0,0
81,ZAC ZAG 一樂韓式炸雞,02 2701 2462,台北市大安區光復南路562號,"星期六	11:30–21:30
星期日	11:30–21:30
星期一	11:30–21:30
星期二	11:30–21:30
星期三	11:30–21:30
星期四	11:30–21:30
星期五	11:30–21:30",0,罪惡一下,5,https://zaczag.oddle.me/zh_TW/,https://zaczag.oddle.me/zh_TW/,"https://www.google.com.tw/maps/place/ZAC+ZAG+%E4%B8%80%E6%A8%82%E9%9F%93%E5%BC%8F%E7%82%B8%E9%9B%9E+%EF%BD%9C+KOREAN+CHICKEN+%E5%A4%A7%E5%AE%89%E5%85%89%E5%BE%A9%E5%BA%97+%E5%BF%85%E5%90%83%E9%9F%93%E5%BC%8F%E7%82%B8%E9%9B%9E+%E6%BC%A2%E5%A0%A1+%E5%A5%B6%E6%98%94+%E6%8E%A8%E8%96%A6%E7%BE%8E%E9%A3%9F/@25.0149211,121.4915455,13z/data=!3m1!5s0x3442abc99e9e271d:0xf0deaa912cb4f1e6!4m10!1m2!2m1!1z5LiA5qiC54K45qmf!3m6!1s0x3442abb2cc2ed41b:0xf9778f9a8faef657!8m2!3d25.0343212!4d121.5573689!15sCgzkuIDmqIL",c://,0,0,0,0,0
31,迷客夏Milksha 臺北公館店,223687707,10090台北市中正區羅斯福路三段316巷10之2號1樓,"星期六10:00–21:30
星期日10:00–21:30
星期一10:00–21:30
星期二10:00–21:30
星期三10:00–21:30
星期四10:00–21:30
星期五10:00–21:30",0,奶類讚,2,https://order.nidin.shop/menu/17843,https://www.facebook.com/MilkShop.gongguan/?locale=zh_TW,https://www.google.com.tw/maps/place/%E8%BF%B7%E5%AE%A2%E5%A4%8FMilksha+%E8%87%BA%E5%8C%97%E5%85%AC%E9%A4%A8%E5%BA%97/@25.0155879,c://,0,0,0,0,0
37,料杯杯BOBOLABO微風北車店,02 2361 0168,台北市中正區北平西路3號2樓,"星期六	10:00–21:40
星期日	10:00–21:40
星期一	10:00–21:40
星期二	10:00–21:40
星期三	10:00–21:40
星期四	10:00–21:40
星期五	10:00–21:40",0,咀嚼系,2,https://order.nidin.shop/menu/17246,https://www.bobolabo.com/,https://www.google.com.tw/maps/place/%E6%96%99%E6%9D%AF%E6%9D%AFBOBOLABO%E5%BE%AE%E9%A2%A8%E5%8C%97%E8%BB%8A%E5%BA%97/@25.0474057,c://,0,0,0,0,0
87,Mrs.Fields 美國菲爾斯太太餅乾,02 2711 1099,台北市大安區忠孝東路三段243號,"星期六11:00–21:00
星期日11:00–21:00
星期一11:00–21:00
星期二11:00–21:00
星期三11:00–21:00
星期四11:00–21:00
星期五11:00–21:00",0,來點糖分,5,https://www.ubereats.com/tw/store/mrs-fields-cookies-%E7%BE%8E%E5%9C%8B%E8%8F%B2%E7%88%BE%E6%96%AF%E5%A4%AA%E5%A4%AA%E9%A4%85%E4%B9%BE/usR0CCKJRpa1iAkp2dxIEA?diningMode=DELIVERY&pl=JTdCJTIyYWRkcmVzcyUyMiUzQSUyMiVFNSU5QyU4QiVFNyVBQiU4QiVFOCU4NyVCQSVFNyU4MSVBMyVFNSVBNCVBNyVFNSVBRCVCOCUyMiUyQyUyMnJlZmVyZW5jZSUyMiUzQSUyMkNoSUpxUzR5X29tcFFqUVJabjhkN2dRRWRTRSUyMiUyQyUyMnJlZmVyZW5jZVR5cGUlMjIlM0ElMjJnb29nbGVfcGxhY2VzJTIyJTJDJTIybGF0aXR1ZGUlMjIlM0EyNS4wMTczNDA1JTJDJTIybG9uZ2l0dWRlJTIyJTNBMTIxLjUzOTc1MTg,https://www.mrsfields.com.tw/,"https://www.google.com.tw/maps/place/Mrs.Fields+%E7%BE%8E%E5%9C%8B%E8%8F%B2%E7%88%BE%E6%96%AF%E5%A4%AA%E5%A4%AA%E9%A4%85%E4%B9%BE/@25.0419012,121.5307489,15z/data=!3m1!4b1!4m6!3m5!1s0x3442abde8ac56f35:0x9ae85342d256ce43!8m2!3d25.0418821!4d121.5410487!16s%2Fg%2F11mv6fxcyz?hl=zh-TW&entry=ttu&g_ep=EgoyMDI0MTIwNC4wIKXMDSoASAFQAw%3D%3D",c://,0,0,0,0,0
29,拾汣茶屋 台北南陽店,02 2370 3856,台北市中正區南陽街4號,"星期六	10:30–20:00
星期日	10:30–20:00
星期一	10:30–20:00
星期二	10:30–20:00
星期三	10:30–20:00
星期四	10:30–20:00
星期五	10:30–20:00",0,奶類讚,2,"https://www.ubereats.com/tw/store/%E6%8B%BE%E6%B1%A3%E8%8C%B6%E5%B1%8B-%E5%8F%B0%E5%8C%97%E5%8D%97%E9%99%BD%E5%BA%97/O4S71L4XUsGd3xydsu36LQ?pl=JTdCJTIyYWRkcmVzcyUyMiUzQSUyMiVFNSU5QyU4QiVFNyVBQiU4QiVFOCU4NyVCQSVFNyU4MSVBMyVFNSVBNCVBNyVFNSVBRCVCOCUyMiUyQyUyMnJlZmVyZW5jZSUyMiUzQSUyMkNoSUpxUzR5X29tcFFqUVJabjhkN2dRRWRTRSUyMiUyQyUyMnJlZmVyZW5jZVR5cGUlMjIlM0ElMjJnb29nbGVfcGxhY2VzJTIyJTJDJTIybGF0aXR1ZGUlMjIlM0EyNS4wMTczNDA1JTJDJTIybG9uZ2l0dWRlJTIyJTNBMTIxLjUzOTc1MTglN0Q%3D
https://www.foodpanda.com.tw/r",https://www.19teahouse.com/,https://www.google.com.tw/maps/place/%E6%8B%BE%E6%B1%A3%E8%8C%B6%E5%B1%8B+%E5%8F%B0%E5%8C%97%E5%8D%97%E9%99%BD%E5%BA%97/@25.045253,c://,0,0,0,0,0
69,市場口麵攤,無,台北市大安區和平東路二段76巷2之1號,"星期六	休息
星期日	09:00–17:00
星期一	09:00–17:00
星期二	09:00–17:00
星期三	09:00–17:00
星期四	09:00–17:00
星期五	09:00–17:00",0,小吃店,4,無,無,無,c://,0,0,0,0,0
73,nul taipei,02 2755 0073,台北市大安區復興南路二段160巷22號1F,"星期五	18:00–02:00
星期六	18:00–02:00
星期日	18:00–02:00
星期一	18:00–02:00
星期二	休息
星期三	18:00–02:00
星期四	18:00–02:00",0,荷包對不起,5,"https://inline.app/booking/-M77BLN00wd2V81SRH-M:inline-live-1/-M77BLR3aZw3_bYHYLpQ?language=zh-tw
https://www.ubereats.com/tw/store/%E5%85%AC%E9%A4%A8%E5%95%86%E5%9C%88-chillken-%E5%AE%B5%E5%A4%9C-%E8%BC%95%E9%A3%9F/wgCi2MybQFyLtdFA_9VK8Q?diningMode=DELIVERY&mod=storeDeliveryTime&modctx=%257B%2522entryPoint%2522%253A%2522store-auto-surface%2522%252C%2522encodedStoreUuid%2522%253A%2522wgCi2MybQFyLtdFA_9VK8Q%2522%257D&pl=JTdCJTIyYWRkcmVzcyUyMiUzQSUyMiVFNyVBOCU4QiVFNiU5QiVBNiVFOCVCMyU4NyVFOCVBOCU4Q",https://www.facebook.com/nultaipei/?locale=zh_TW,"https://www.google.com.tw/maps/place/nul+taipei/@25.0277889,121.5393375,17z/data=!3m1!4b1!4m6!3m5!1s0x3442abdceeb56181:0x6cadcf5389c0c572!8m2!3d25.0277889!4d121.5419178!16s%2Fg%2F11j13jv0f5?hl=zh-TW&entry=ttu&g_ep=EgoyMDI0MTIwMy4wIKXMDSoASAFQAw%3D%3D",c://,0,0,0,0,0
28,上宇林中正開封店,223618241,台北市中正區開封街一段19號,"星期六11:00–21:45
星期日11:00–21:45
星期一10:00–21:45
星期二10:00–21:45
星期三10:00–21:45
星期四10:00–21:45
星期五10:00–21:45",0,奶類讚,2,"https://www.ubereats.com/tw/store/%E4%B8%8A%E5%AE%87%E6%9E%97%E9%A0%82%E7%B4%9A%E8%8C%B6%E9%A3%B2-%E4%B8%AD%E6%AD%A3%E9%96%8B%E5%B0%81%E5%BA%97/R6q9eCN2WNGSqwvlbchkfA?pl=JTdCJTIyYWRkcmVzcyUyMiUzQSUyMiVFNSU5QyU4QiVFNyVBQiU4QiVFOCU4NyVCQSVFNyU4MSVBMyVFNSVBNCVBNyVFNSVBRCVCOCUyMiUyQyUyMnJlZmVyZW5jZSUyMiUzQSUyMkNoSUpxUzR5X29tcFFqUVJabjhkN2dRRWRTRSUyMiUyQyUyMnJlZmVyZW5jZVR5cGUlMjIlM0ElMjJnb29nbGVfcGxhY2VzJTIyJTJDJTIybGF0aXR1ZGUlMjIlM0EyNS4wMTczNDA1JTJDJTIybG9uZ2l0dWRlJTIyJTNBMTIxLjUzOTc1MTglN0Q%3D
htt",https://www.shangyulin.com.tw/location,https://www.google.com.tw/maps/place/%E4%B8%8A%E5%AE%87%E6%9E%97%E4%B8%AD%E6%AD%A3%E9%96%8B%E5%B0%81%E5%BA%97/@25.0461656,c://,0,0,0,0,0
65,池上木片便當汀州店,02 2368 0878,台北市中正區汀州路三段46號,"星期六	10:30–14:00, 16:30–19:40
星期日	10:30–14:00, 16:30–19:40
星期一	10:30–14:00, 16:30–19:40
星期二	10:30–14:00, 16:30–19:40
星期三	10:30–14:00, 16:30–19:40
星期四	10:30–14:00, 16:30–19:40
星期五	10:30–14:00, 16:30–19:40",0,台式便當,4,電話,https://www.facebook.com/chishangbento,無,c://,0,0,0,0,0
68,麗如小吃店,02 2708 6962,台北市大安區瑞安街67號,"星期六	11:30–22:00
星期日	11:30–21:00
星期一	11:30–22:00
星期二	11:30–22:00
星期三	11:30–22:00
星期四	11:30–22:00
星期五	11:30–22:00",0,小吃店,4, foodpanda.com.tw, ubereats.com,無,c://,0,0,0,0,0
78,Chillken,02 2362 2587,台北市大安區新生南路三段94巷8號一樓,"星期六	11:30–01:00
星期日	休息
星期一	11:30–01:00
星期二	11:30–01:00
星期三	11:30–01:00
星期四	11:30–01:00
星期五	11:30–01:00",0,罪惡一下,5,https://customer.posky.net/store/66ee6d80-f663-480d-9d5f-f06e810e1aeb/menu?openExternalBrowser=1,https://www.facebook.com/p/Chillken-%E8%BC%95%E9%A3%9F%E5%AE%B5%E5%A4%9C-100066649219292/?locale=zh_TW,"https://www.google.com.tw/maps/place/Chillken/@25.0173671,121.5226162,15z/data=!3m1!4b1!4m6!3m5!1s0x3442a94f9741c5f3:0xf01d813cafbbdb4!8m2!3d25.017348!4d121.532916!16s%2Fg%2F11pxnmw4bm?hl=zh-TW&entry=ttu&g_ep=EgoyMDI0MTIwNC4wIKXMDSoASAFQAw%3D%3D",c://,0,0,0,0,0
9,亨利客 原味炭烤牛排,02-8732-6332,11056台北市信義區和平東路三段215號,"星期六 11:30–14:00, 17:30–21:30
星期日 11:30–14:00, 17:30–21:30
星期一 11:30–14:00, 17:30–21:30
星期二 11:30–14:00, 17:30–21:30
星期三 11:30–14:00, 17:30–21:30
星期四 11:30–14:00, 17:30–21:30
星期五 11:30–14:00, 17:30–21:30",0,美式,1,https://inline.app/booking/-N0FuLCAKfC3jzk06xBP:inline-live-2/-N0FuLRzl5syzBalTIvS,https://www.facebook.com/henry.steak/,https://g.co/kgs/udw6ucq,c://,0,0,0,0,0
75,ABV Bar & Kitchen,02 8771 8114,台北市大安區光復南路260巷39號,"星期五、12:00–01:30
星期六、12:00–01:30
星期日、12:00–01:30
星期一、12:00–01:30
星期二、12:00–01:30
星期三、12:00–01:30
星期四、12:00–01:30",0,荷包對不起,5,https://inline.app/booking/-NCOScu5ndn8EshQGQs-:inline-live-1?language=zh-tw,https://www.abv.com.tw/mediterranean/,"https://www.google.com.tw/maps/place/ABV+Bar+%26+Kitchen+%E5%9C%B0%E4%B8%AD%E6%B5%B7%E9%A4%90%E9%85%92%E9%A4%A8+%E5%8F%B0%E5%8C%97%E5%89%B5%E5%A7%8B%E5%BA%97+%E5%A4%A7%E5%AE%89%E5%8D%80%E9%A4%90%E9%85%92%E9%A4%A8+%E5%9C%8B%E7%88%B6%E7%B4%80%E5%BF%B5%E7%BE%8E%E9%A3%9F%EF%BD%9C%E5%9C%B0%E4%B8%AD%E6%B5%B7%E6%96%99%E7%90%86+%E7%B2%BE%E9%87%80%E5%95%A4+%E9%85%92+%E8%81%9A%E9%A4%90%E7%B4%84%E6%9C%83%E5%AE%B5%E5%A4%9C%E7%BE%8E%E9%A3%9F/@25.0401435,121.5531005,17z/data=!3m2!4b1!5s0x3442abc63e547369:0xe",c://,0,0,0,0,0
22,樂法Le Phare - 京站店,223142445,台北市中正區忠孝西路一段49號號B3,"星期六08:00–22:30
星期日08:00–22:30
星期一08:00–22:30
星期二08:00–22:30
星期三08:00–22:30
星期四08:00–22:30
星期五08:00–22:30",0,純茶派,2, foodpanda.com.tw,https://www.facebook.com/lepharedrink/,https://www.google.com.tw/maps/place/%E6%A8%82%E6%B3%95Le+Phare+-+%E4%BA%AC%E7%AB%99%E5%BA%97/@25.0478254,c://,0,0,0,0,0
80,麻辣巴蕾-重慶正宗酸辣粉,02 2368 7779,台北市中正區汀州路三段183號,"星期六11:30–22:00
星期日11:30–22:00
星期一11:30–21:30
星期二11:30–21:30
星期三11:30–21:30
星期四11:30–21:30
星期五11:30–22:00",0,罪惡一下,5,無,https://www.facebook.com/profile.php?id=100063855158817,"https://www.google.com.tw/maps/place/%E9%BA%BB%E8%BE%A3%E5%B7%B4%E8%95%BE(%E5%8E%9F.%E5%A4%A7%E5%98%B4%E5%B7%B4)-%E9%87%8D%E6%85%B6%E6%AD%A3%E5%AE%97%E9%85%B8%E8%BE%A3%E7%B2%89/@25.0148299,121.5224457,15z/data=!3m1!4b1!4m6!3m5!1s0x3442a9bd12357ff9:0x583e10ddee12dc4b!8m2!3d25.0148108!4d121.5327455!16s%2Fg%2F11c43mfb9r?hl=zh-TW&entry=ttu&g_ep=EgoyMDI0MTIwNC4wIKXMDSoASAFQAw%3D%3D",c://,0,0,0,0,0
58,uPoke 夏威夷生魚飯-台大水源店,無,台北市中正區思源街16號1樓,"星期五	11:00–20:00
星期六	11:00–20:00
星期日	11:00–20:00
星期一	11:00–20:00
星期二	11:00–20:00
星期三	11:00–20:00
星期四	11:00–20:00",0,健康餐盒,4,eats365pos.com, foodpanda.com.tw,無,c://,0,0,0,0,0
6,AVENUE Fast Casual Eatery,02-2708-1908,106台北市大安區安和路二段92號B1樓,"星期六 11:00–20:00
星期日 11:00–20:00
星期一 休息
星期二 11:00–20:00
星期三 11:00–20:00
星期四 11:00–20:00
星期五 11:00–20:00",0,美式,1,不提供訂位,https://avenuespace.com/avenue-restaurant/,https://g.co/kgs/m8Hvbxn,c://,0,0,0,0,0
67,呂 巷仔口麵食館, 02 2735 1266,台北市大安區和平東路二段76巷2之1號,"星期六	06:30–14:00
星期日	06:30–14:00
星期一	休息
星期二	06:30–14:00
星期三	06:30–14:00
星期四	06:30–14:00
星期五	06:30–14:00",0,小吃店,4,ubereats.com,https://www.facebook.com/media/set/?set=ms.c.eJw9yscNADAMw8CNAjmyXPZfLEDa80AKZAIdjmnWQ9edlGteG4ioLD3z~_Hfu32sBejIP5w~-~-.bps.a.503370083068787&type=1,無,c://,0,0,0,0,0
64,壹之鄉排骨,02 2368 0878,台北市中正區羅斯福路四段92號(水源市場),"星期六	11:00–20:00
星期日	11:00–20:00
星期一	休息
星期二	11:00–20:00
星期三	11:00–20:00
星期四	11:00–20:00
星期五	11:00–20:00",0,台式便當,4, foodpanda.com.tw,https://www.facebook.com/pages/%E5%A3%B9%E4%B9%8B%E9%84%89%E6%8E%92%E9%AA%A8/100311431530052/,無,c://,0,0,0,0,0
14,井上禾食,0922-799-649,106台北市大安區樂業街72巷3號,"星期六 11:45–14:00, 17:00–20:00
星期日 11:45–14:00, 17:00–20:00
星期一 11:45–14:00, 17:00–20:00
星期二 11:45–14:00, 17:00–20:00
星期三 11:45–14:00, 17:00–20:00
星期四 11:45–14:00, 17:00–20:00
星期五 11:45–14:00, 17:00–20:00",0,日式,1,https://www.foodpanda.com.tw/restaurant/oyt3/jing-shang-he-shi?utm_source=google&utm_medium=organic&utm_campaign=google_reserve_place_order_action ,https://www.facebook.com/profile.php?id=100064061168876,https://g.co/kgs/AqV4QAt,c://,0,0,0,0,0
43,鶴茶樓- 鶴頂紅茶商店(忠孝復興店),02 2776 1101,台北市大安區大安路一段21號,"星期六	11:00–22:00
星期日	11:00–22:00
星期一	11:00–22:00
星期二	11:00–22:00
星期三	11:00–22:00
星期四	11:00–22:00
星期五	11:00–22:00",0,咀嚼系,2,https://www.ubereats.com/tw/store/%E9%B6%B4%E8%8C%B6%E6%A8%93-%E9%B6%B4%E9%A0%82%E7%B4%85%E8%8C%B6%E5%95%86%E5%BA%97-%E5%BF%A0%E5%AD%9D%E5%BE%A9%E8%88%88%E5%BA%97/-5eBNc2QTmSSI1k3MvqxHA?diningMode=DELIVERY&pl=JTdCJTIyYWRkcmVzcyUyMiUzQSUyMiVFNSU5QyU4QiVFNyVBQiU4QiVFOCU4NyVCQSVFNyU4MSVBMyVFNSVBNCVBNyVFNSVBRCVCOCUyMiUyQyUyMnJlZmVyZW5jZSUyMiUzQSUyMkNoSUpxUzR5X29tcFFqUVJabjhkN2dRRWRTRSUyMiUyQyUyMnJlZmVyZW5jZVR5cGUlMjIlM0ElMjJnb29nbGVfcGxhY2VzJTIyJTJDJTIybGF0aXR1ZGUlMjIlM0EyNS4wMTczNDA1JTJDJTIybG9uZ2l,https://hechaloutea.com.tw/shops/,https://www.google.com.tw/maps/place/%E9%B6%B4%E8%8C%B6%E6%A8%93-+%E9%B6%B4%E9%A0%82%E7%B4%85%E8%8C%B6%E5%95%86%E5%BA%97(%E5%BF%A0%E5%AD%9D%E5%BE%A9%E8%88%88%E5%BA%97)/@25.0443983,c://,0,0,0,0,0
41,"
龍角 Dragon Horn 台電大樓店",02 3365 3396,台北市大安區羅斯福路三段239號,"星期六10:00–21:00
星期日10:00–21:00
星期一10:00–21:00
星期二10:00–21:00
星期三10:00–21:00
星期四10:00–21:00
星期五10:00–21:00",0,咀嚼系,2,https://order.nidin.shop/menu/20766/,https://www.facebook.com/hsinjihao/,https://www.google.com.tw/maps/place/%E9%BE%8D%E8%A7%92+Dragon+Horn+%E5%8F%B0%E9%9B%BB%E5%A4%A7%E6%A8%93%E5%BA%97/@25.0194321,c://,0,0,0,0,0
60,"地方煮夫 Local Husband
",02 2737 4222,台北市大安區羅斯福路四段123巷29-2號,"星期五	11:00–13:00
星期六	休息
星期日	休息
星期一	11:00–13:00
星期二	11:00–13:00
星期三	11:00–13:00
星期四	11:00–13:00",0,健康餐盒,4, foodpanda.com.tw,https://localhusband.oddle.me/zh_TW/,無,c://,0,0,0,0,0
4,曉鹿鳴樓上海菜,02-2368-8994,106台北市大安區羅斯福路四段85號,"星期一 11:00–14:30, 17:00–21:00
星期二 11:00–14:30, 17:00–21:00
星期三 11:00–14:30, 17:00–21:00
星期四 11:00–14:30, 17:00–21:00
星期五 11:00–14:30, 17:00–21:00
星期六 11:00–14:30, 17:00–21:00
星期日 11:00–14:30, 17:00–21:00",0,中式,1,https://inline.app/booking/-L_6PcQL20hlFA0QVSTs:inline-live-2a466/-L_6PcUQ5_NVBSaaIUN6,https://gugokitchen.com.tw/,https://g.co/kgs/qy1pG9Q,c://,0,0,0,0,0
83,佬披薩LAPIZZAitalian,02 2364 5822,台北市大安區師大路105巷8號,"星期六
11:30–15:00
17:00–21:30
星期日
11:30–15:00
17:00–21:30
星期一
11:30–14:30
17:00–21:30
星期二
11:30–14:30
17:00–21:30
星期三
11:30–14:30
17:00–21:30
星期四
11:30–14:30
17:00–21:30
星期五
11:30–14:30
17:00–21:30",0,罪惡一下,5,https://www.ubereats.com/tw/store/la-pizza-%E4%BD%AC%E6%8A%AB%E8%96%A9/BhQyjh2jRDKHmh7A-j3tDw?diningMode=DELIVERY&pl=JTdCJTIyYWRkcmVzcyUyMiUzQSUyMiVFNyVBOCU4QiVFNiU5QiVBNiVFOCVCMyU4NyVFOCVBOCU4QSVFOSU5QiU4NiVFNSU5QyU5OCUyMiUyQyUyMnJlZmVyZW5jZSUyMiUzQSUyMkNoSUpJd0F0T2NDclFqUVI3NTZ2eHRFTTUwSSUyMiUyQyUyMnJlZmVyZW5jZVR5cGUlMjIlM0ElMjJnb29nbGVfcGxhY2VzJTIyJTJDJTIybGF0aXR1ZGUlMjIlM0EyNS4wNDk1NzExJTJDJTIybG9uZ2l0dWRlJTIyJTNBMTIxLjUxMzgzMjElN0Q%3D&utm_campaign=CM2508147-search-free-nonbrand-google-pas_e,https://www.facebook.com/profile.php?id=100070732874368,"https://www.google.com.tw/maps/place/%E4%BD%AC%E6%8A%AB%E8%96%A9LAPIZZAitalian/@25.0224881,121.5185112,15z/data=!3m1!4b1!4m6!3m5!1s0x3442a98f0c01eb97:0x6548cb27c8e10bb8!8m2!3d25.022469!4d121.528811!16s%2Fg%2F11xxqbwt2?hl=zh-TW&entry=ttu&g_ep=EgoyMDI0MTIwNC4wIKXMDSoASAFQAw%3D%3D",c://,0,0,0,0,0
88,Sugar Miss,02 2771 5320,台北市大安區光復南路290巷4號1 樓,"星期六        12:00–20:15
星期日        12:00–20:15
星期一        12:00–20:15
星期二        12:00–20:15
星期三        12:00–20:15
星期四        12:00–20:15
星期五        12:00–20:15",0,來點糖分,5,https://www.opentable.com.tw/restaurant/profile/180569?ref=18649,https://sugarmiss.oddle.me/zh_TW/,"https://www.google.com.tw/maps/place/Sugar+Miss/@25.0395365,121.546556,15z/data=!3m1!4b1!4m6!3m5!1s0x3442abc632ecc2f7:0x16e03324828ca8f3!8m2!3d25.0395369!4d121.5568558!16s%2Fg%2F11c57ctdlh?hl=zh-TW&entry=ttu&g_ep=EgoyMDI0MTIwNC4wIKXMDSoASAFQAw%3D%3D",c://,0,0,0,0,0
85,coco.Brownies 可可布朗,02 2366 1204,台北市大安區羅斯福路三段283巷14弄16-1號,"星期六	12:00–20:30
星期日	12:00–20:30
星期一	12:00–20:30
星期二	12:00–20:30
星期三	12:00–20:30
星期四	12:00–20:30
星期五	12:00–20:30",0,來點糖分,5,無,https://www.cocobrownie.com/?brand1&gad_source=1&gclid=Cj0KCQiA3sq6BhD2ARIsAJ8MRwXgY1ALfor-dpSfnft3xNZzQU3gHgS7OknBFCG-cX4WFaE4Qf5oqcAaAi-5EALw_wcB,"https://www.google.com.tw/maps/place/%E5%8F%AF%E5%8F%AF%E5%B8%83%E6%9C%97+%E5%85%AC%E9%A4%A8%E5%A4%96%E5%B8%B6%E5%B0%88%E9%96%80%E5%BA%97/@25.0192217,121.4921061,13z/data=!4m10!1m2!2m1!1z5Y-v5Y-v5biD5pyX!3m6!1s0x3442a9895d8f9bd1:0x794cabd82044c9fb!8m2!3d25.0178629!4d121.5325966!15sCgzlj6_lj6_luIPmnJdaDyIN5Y-v5Y-vIOW4g-acl5IBDGNvZmZlZV9zdG9yZeABAA!16s%2Fg%2F1s04ggjfs?hl=zh-TW&entry=ttu&g_ep=EgoyMDI0MTIwNC4wIKXMDSoASAFQAw%3D%3D",c://,0,0,0,0,0
86,松薇 PINE&ROSE,02 2356 9938,台北市大安區麗水街28-1號1樓,"星期六12:00–19:00
星期日12:00–19:00
星期一休息
星期二休息
星期三12:00–19:00
星期四12:00–19:00
星期五12:00–19:00",0,來點糖分,5,https://pine-n-rose.oddle.me/zh_TW/,https://pine-n-rose.oddle.me/zh_TW/,"https://www.google.com.tw/maps/place/%E6%9D%BE%E8%96%87+PINE%26ROSE/@25.0290488,121.5179981,15z/data=!3m1!5s0x3442a98487082253:0x4e09808ddc7cd9c7!4m16!1m9!3m8!1s0x3442a94854c4afff:0xdb6e63e8e1fa1e0a!2z5p2-6JaHIFBJTkUmUk9TRQ!8m2!3d25.0290297!4d121.5282979!9m1!1b1!16s%2Fg%2F11f6y6xhcn!3m5!1s0x3442a94854c4afff:0xdb6e63e8e1fa1e0a!8m2!3d25.0290297!4d121.5282979!16s%2Fg%2F11f6y6xhcn?hl=zh-TW&entry=ttu&g_ep=EgoyMDI0MTIwNC4wIKXMDSoASAFQAw%3D%3D",c://,0,0,0,0,0
82,饕鍋,02 2754 2388,台北市大安區復興南路一段269號2 樓,"星期六18:00–22:30
星期日18:00–22:30
星期一休息
星期二18:00–22:30
星期三18:00–22:30
星期四18:00–22:30
星期五18:00–22:30",0,罪惡一下,5,https://tw.eztable.com/restaurant/13272,https://taopot-2f.com/,"https://www.google.com.tw/maps/place/%E9%A5%95%E9%8D%8B/@25.0359214,121.5335729,15z/data=!4m16!1m9!3m8!1s0x3442abd3e8a3b899:0x98795d1ec2c1d517!2z6aWV6Y2L!8m2!3d25.0359023!4d121.5438727!9m1!1b1!16s%2Fg%2F1hd_xzyk3!3m5!1s0x3442abd3e8a3b899:0x98795d1ec2c1d517!8m2!3d25.0359023!4d121.5438727!16s%2Fg%2F1hd_xzyk3?hl=zh-TW&entry=ttu&g_ep=EgoyMDI0MTIwNC4wIKXMDSoASAFQAw%3D%3D",c://,0,0,0,0,0
32,侍茶匠 西門總店,02 2515 2259,台北市萬華區昆明街108號,"星期六        11:00–22:00
星期日        11:00–22:00
星期一        11:00–22:00
星期二        11:00–22:00
星期三        11:00–22:00
星期四        11:00–22:00
星期五        11:00–22:00",0,奶類讚,2,https://order.nidin.shop/menu/13897,https://www.facebook.com/teasommelier2019/,https://www.google.com.tw/maps/place/%E4%BE%8D%E8%8C%B6%E5%8C%A0+%E8%A5%BF%E9%96%80%E7%B8%BD%E5%BA%97/@25.0437882,c://,0,0,0,0,0
35,烏弄原生茶飲(台北公館店),02 2367 6727,台北市中正區羅斯福路四段90巷2-1號,"星期六11:00–22:30
星期日11:00–22:30
星期一10:30–22:30
星期二10:30–22:30
星期三10:30–22:30
星期四10:30–22:30
星期五10:30–22:30",0,咀嚼系,2,"https://order.nidin.shop/menu/12612
https://www.foodpanda.com.tw/restaurant/o3k7/wu-nong-tai-bei-gong-guan-dian",https://unocha.com.tw/,https://www.google.com.tw/maps/place/%E7%83%8F%E5%BC%84%E5%8E%9F%E7%94%9F%E8%8C%B6%E9%A3%B2(%E5%8F%B0%E5%8C%97%E5%85%AC%E9%A4%A8%E5%BA%97)/@25.0138671,c://,0,0,0,0,0
33,約翰紅茶公司,02 2766 8608,台北市信義區永吉路30巷123號,"星期六	10:00–22:00
星期日	10:00–21:00
星期一	10:00–21:00
星期二	10:00–21:00
星期三	10:00–21:00
星期四	10:00–21:00
星期五	10:00–22:00",0,奶類讚,2,https://order.nidin.shop/brand/johntea,https://www.facebook.com/johnteacompany,https://www.google.com.tw/maps/place/%E7%B4%84%E7%BF%B0%E7%B4%85%E8%8C%B6%E5%85%AC%E5%8F%B8/@25.0428958,c://,0,0,0,0,0
77,芝加哥披薩,02 2707 2121,台北市大安區復興南路二段379號,"星期五	11:00–20:00
星期六	11:00–20:00
星期日	11:00–20:00
星期一	11:00–20:00
星期二	11:00–20:00
星期三	11:00–20:00
星期四	11:00–20:00",0,罪惡一下,5,無提供,https://www.facebook.com/Chicago.Pizza.Factory.Taipei,"https://www.google.com.tw/maps/place/%E8%8A%9D%E5%8A%A0%E5%93%A5%E6%AF%94%E8%96%A9/@25.0222665,121.5409544,17z/data=!3m1!4b1!4m6!3m5!1s0x3442aa2f3979c6f9:0x6fa11f8b1a9dad2b!8m2!3d25.0222665!4d121.5435347!16s%2Fg%2F11b7skq6qg?hl=zh-TW&entry=ttu&g_ep=EgoyMDI0MTIwMy4wIKXMDSoASAFQAw%3D%3D",c://,0,0,0,0,0
38,CoCo都可 南昌店,02 2321 3329,台北市中正區寧波西街83-2號,"星期六10:30–19:45
星期日10:30–19:45
星期一10:00–20:15
星期二10:00–20:15
星期三10:00–20:15
星期四10:00–20:15
星期五10:00–20:15",0,咀嚼系,2,"https://order.nidin.shop/menu/845
https://www.ubereats.com/tw/store/coco%E9%83%BD%E5%8F%AF-%E5%8F%B0%E5%8C%97%E5%8D%97%E6%98%8C%E5%BA%97/3De_uJk9Wv6TFA6nWMqeGg?diningMode=DELIVERY&pl=JTdCJTIyYWRkcmVzcyUyMiUzQSUyMiVFNSU5QyU4QiVFNyVBQiU4QiVFOCU4NyVCQSVFNyU4MSVBMyVFNSVBNCVBNyVFNSVBRCVCOCUyMiUyQyUyMnJlZmVyZW5jZSUyMiUzQSUyMkNoSUpxUzR5X29tcFFqUVJabjhkN2dRRWRTRSUyMiUyQyUyMnJlZmVyZW5jZVR5cGUlMjIlM0ElMjJnb29nbGVfcGxhY2VzJTIyJTJDJTIybGF0aXR1ZGUlMjIlM0EyNS4wMTczNDA1JTJDJTIybG9uZ2l0dWRlJTIyJTNBMTIxLjUzOTc1M",https://www.instagram.com/cocotea_nanchang/,https://www.google.com.tw/maps/place/CoCo%E9%83%BD%E5%8F%AF+%E5%8D%97%E6%98%8C%E5%BA%97/@25.0302828,c://,0,0,0,0,0
40,五桐號 西門店,02 2383 1808,台北市萬華區西寧南路48-3號,"星期六12:00–23:00
星期日12:00–22:30
星期一12:00–22:00
星期二12:00–22:00
星期三12:00–22:00
星期四12:00–22:00
星期五12:00–22:30",0,咀嚼系,2,"https://www.foodpanda.com.tw/restaurant/s0m3/wu-tong-hao-wootea-tai-bei-xi-men-dian
https://order.nidin.shop/menu/11928",https://www.wootea.com/,https://www.google.com.tw/maps/place/%E4%BA%94%E6%A1%90%E8%99%9F+%E8%A5%BF%E9%96%80%E5%BA%97/@25.0444341,c://,0,0,0,0,0
61,厚食均衡飲食專賣店,0900 609 159,台北市大安區和平東路三段228巷13號,"星期五	11:00–13:30, 17:00–19:30
星期六	休息
星期日	休息
星期一	11:00–13:30, 17:00–19:30
星期二	11:00–13:30, 17:00–19:30
星期三	11:00–13:30, 17:00–19:30
星期四	11:00–13:30, 17:00–19:30",0,健康餐盒,4,https://www.ubereats.com/tw/store/%E5%85%AC%E9%A4%A8%E5%95%86%E5%9C%88-%E5%8E%9A%E9%A3%9F%E5%9D%87%E8%A1%A1%E9%A3%B2%E9%A3%9F%E5%B0%88%E8%B3%A3%E5%BA%97/b4APkbD-W2-fxNkOJBQlSQ?srsltid=AfmBOopx_oze1Zm4pVkRNfKLBykkKrE-Y16gAljuspBQ8Gg52cxKSlo7,https://www.facebook.com/p/%E5%8E%9A%E9%A3%9F%E5%9D%87%E8%A1%A1%E9%A3%B2%E9%A3%9F%E5%B0%88%E8%B3%A3%E5%BA%97-100083262794647/?locale=zh_TW,無,c://,0,0,0,0,0
36,金茶伍手作飲品-三重車路頭門市,02 8283 9205,新北市三重區車路頭街78號,"星期六	11:00–22:00
星期日	11:00–22:00
星期一	11:00–22:00
星期二	11:00–22:00
星期三	11:00–22:00
星期四	11:00–22:00
星期五	11:00–22:00",0,咀嚼系,2,"https://www.foodpanda.com.tw/restaurant/bs7e/jin-cha-wu-shou-zuo-yin-pin-san-zhong-che-lu-tou-dian?utm_source=google&utm_medium=organic&utm_campaign=google_reserve_place_order_action

https://www.ubereats.com/tw/store/%E9%87%91%E8%8C%B6%E4%BC%8D-%E4%B8%89%E9%87%8D%E8%BB%8A%E8%B7%AF%E9%A0%AD%E9%96%80%E5%B8%82/A81eypDgWNGecp6iAG-Dcw?diningMode=DELIVERY&pl=JTdCJTIyYWRkcmVzcyUyMiUzQSUyMiVFNSU5QyU4QiVFNyVBQiU4QiVFOCU4NyVCQSVFNyU4MSVBMyVFNSVBNCVBNyVFNSVBRCVCOCUyMiUyQyUyMnJlZmVyZW5jZSUyMiUzQSUyMkNoSUpx",https://woocha.com.tw/,https://www.google.com.tw/maps/place/%E9%87%91%E8%8C%B6%E4%BC%8D%E6%89%8B%E4%BD%9C%E9%A3%B2%E5%93%81-%E4%B8%89%E9%87%8D%E8%BB%8A%E8%B7%AF%E9%A0%AD%E9%96%80%E5%B8%82+woo+cha+tea+shop/@25.0739711,c://,0,0,0,0,0
11,葵燒 燒肉 HIMAWARI YAKINIKU,02-2366-0888,106台北市大安區師大路49巷12號,"星期六 11:30–14:00, 17:00–00:00
星期日 11:30–14:00, 17:00–00:00
星期一 11:30–14:00, 17:00–00:00
星期二 11:30–14:00, 17:00–00:00
星期三 11:30–14:00, 17:00–00:00
星期四 11:30–14:00, 17:00–00:00
星期五 11:30–14:00, 17:00–00:00",0,日式,1,https://inline.app/booking/-O5NM1XawXQLaCa8JyNS:inline-live-3/-O5NM1kZeh_iLD8Wl6_m,https://www.instagram.com/himawari_yakiniku/,https://g.co/kgs/PPkF9CW,c://,0,0,0,0,0
16,永和樓(영화루),02-2377-2077,106台北市大安區和平東路二段118巷52弄3號1樓,"星期六 11:30–14:30, 17:00–21:00
星期日 11:30–14:30, 17:00–21:00
星期一 休息
星期二 11:30–14:30, 17:00–21:00
星期三 11:30–14:30, 17:00–21:00
星期四 11:30–14:30, 17:00–21:00
星期五 11:30–14:30, 17:00–21:00",0,韓式,1,https://www.ubereats.com/tw/store/%E6%B0%B8%E5%92%8C%E6%A8%93-%EC%98%81%ED%99%94%EB%A3%A8-%E9%9F%93%E5%BC%8F%E4%B8%AD%E8%8F%AF%E6%96%99%E7%90%86/5xBxeE8vUhOT5hTSRzXkXw?utm_campaign=CM2508147-search-free-nonbrand-google-pas_e_all_acq_Global&utm_medium=search-free-nonbrand&utm_source=google-pas,https://www.facebook.com/profile.php?id=100063575126173&mibextid=LQQJ4d,https://g.co/kgs/WRaDRo9,c://,0,0,0,0,0
7,茱莉金牛排餐酒館,02-2368-0986,106台北市大安區浦城街26巷2號,"星期六 11:30–14:30, 17:30–21:30
星期日 11:30–14:30, 17:30–21:30
星期一  休息
星期二 11:30–14:30, 17:30–21:30
星期三 11:30–14:30, 17:30–21:30
星期四 11:30–14:30, 17:30–21:30
星期五 11:30–14:30, 17:30–21:30",0,美式,1,https://inline.app/booking/-MTxmnAA9PkbTrTpUkQ9:inline-live-2/-MTxmnM1KWPPat0K4Az7?,https://www.facebook.com/LeSageSteakHouse,https://g.co/kgs/n7VycYJ,c://,0,0,0,0,0
57,"Miss Energy 能量小姐
",02 2365 6857,100台北市中正區羅斯福路四段52巷8號,"星期五	10:30–19:30
星期六	休息
星期日	休息
星期一	10:30–19:30
星期二	10:30–19:30
星期三	10:30–19:30
星期四	10:30–19:30",0,健康餐盒,4,foodpanda.com.tw https://www.ubereats.com/tw/store/miss-energy-%E8%83%BD%E9%87%8F%E5%B0%8F%E5%A7%90-%E5%85%AC%E9%A4%A8%E5%BA%97/yuj31mxbSTeAPCEaWxz4pA?srsltid=AfmBOooTU0gHHc2s0ljmZMUqhHwEcM74EjrORLHGm9g9cIw8vCiwocPp,https://www.missenergy.com.tw/article.php?lang=tw&tb=4&id=123,無,c://,0,0,0,0,0
56,飽哥健康餐盒,02 2706 0663,台北市大安區大安路二段148號,"星期五        11:00–19:00
星期六        11:00–19:00
星期日        休息
星期一        11:00–19:00
星期二        11:00–19:00
星期三        11:00–19:00
星期四        11:00–19:00",0,健康餐盒,4,ubereats.com, foodpanda.com.tw,無,c://,0,0,0,0,0
55,莎仕橘大腸包小腸-師大直營店,無,106台北市大安區師大路122號號旁,"星期一	14:00–22:00
星期二	14:00–22:00
星期三	14:00–22:00
星期四	14:00–22:00
星期五	14:00–22:00
星期六	14:00–22:00
星期日	14:00–22:00",0,鹹,3,https://www.ubereats.com/tw/store/%E8%8E%8E%E4%BB%95%E6%A9%98%E5%A4%A7%E8%85%B8%E5%8C%85%E5%B0%8F%E8%85%B8-%E5%B8%AB%E5%A4%A7%E7%9B%B4%E7%87%9F%E5%BA%97/JkdqXmw8X_6PP8aTnvwlSA?utm_campaign=CM2508147-search-free-nonbrand-google-pas_e_all_acq_Global&utm_medium=search-free-nonbrand&utm_source=google-pas,https://www.facebook.com/MouthwateringSausage,https://g.co/kgs/HgrhQVA,c://,0,0,0,0,0
54,Home Slice Pizza,無,106台北市大安區和平東路二段118巷52弄9號1樓,"星期一	休息
星期二	17:00–21:00
星期三	17:00–21:00
星期四	17:00–21:00
星期五	17:00–21:00
星期六	17:00–21:00
星期日	休息",0,鹹,3,https://www.foodpanda.com.tw/restaurant/bahg/mei-guo-shou-zuo-pi-sa-da-an-he-ping-dian?utm_source=google&utm_medium=organic&utm_campaign=google_reserve_place_order_action,https://line.me/R/ti/p/@058dassq?ts=05152018&oat_content=url,https://g.co/kgs/wa6K1jP,c://,0,0,0,0,0
20,UG站前南陽店,223825340,台北市中正區南陽街11號,"星期六10:00–21:30
星期日10:00–21:30
星期一10:00–21:30
星期二10:00–21:30
星期三10:00–21:30
星期四10:00–21:30
星期五10:00–21:30",0,純茶派,2,https://www.ubereats.com/tw/store/ug-%E7%AB%99%E5%89%8D%E5%8D%97%E9%99%BD%E5%BA%97/W36XWvpTVLWLcKRDwL1etQ?diningMode=DELIVERY&pl=JTdCJTIyYWRkcmVzcyUyMiUzQSUyMiVFNSU5QyU4QiVFNyVBQiU4QiVFOCU4NyVCQSVFNyU4MSVBMyVFNSVBNCVBNyVFNSVBRCVCOCUyMiUyQyUyMnJlZmVyZW5jZSUyMiUzQSUyMkNoSUpxUzR5X29tcFFqUVJabjhkN2dRRWRTRSUyMiUyQyUyMnJlZmVyZW5jZVR5cGUlMjIlM0ElMjJnb29nbGVfcGxhY2VzJTIyJTJDJTIybGF0aXR1ZGUlMjIlM0EyNS4wMTczNDA1JTJDJTIybG9uZ2l0dWRlJTIyJTNBMTIxLjUzOTc1MTglN0Q%3D,https://www.facebook.com/uniquegreentea/?locale=zh_TW,https://www.google.com.tw/maps/place/UG%E7%AB%99%E5%89%8D%E5%8D%97%E9%99%BD%E5%BA%97/@25.0452095,c://,0,0,0,0,0
15,東大門韓國特色料理,02-2362-1119,106台北市大安區浦城街13巷29號,"星期六 11:00–15:00, 17:00–22:00
星期日 11:00–15:00, 17:00–22:00
星期一 11:00–15:00, 17:00–22:00
星期二 11:00–15:00, 17:00–22:00
星期三 11:00–15:00, 17:00–22:00
星期四 11:00–15:00, 17:00–22:00
星期五 11:00–15:00, 17:00–22:00",0,韓式,1,https://inline.app/booking/-NQ51p0FXtvrqxj-vaKO:inline-live-3,https://www.facebook.com/Dongdamen.Taipei/,https://g.co/kgs/XYEBRPH ,c://,0,0,0,0,0
3,雞窩餐廳,02-2704-3038,110台北市信義區和平東路三段377號,"星期六 11:30–14:00, 17:30–21:00
星期日 11:30–14:00, 17:30–21:00
星期一 11:30–14:00, 17:30–21:00
星期二 11:30–14:00, 17:30–21:00
星期三 休息
星期四 11:30–14:00, 17:30–21:00
星期五 11:30–14:00, 17:30–21:00",0,中式,1,https://eats.quickclick.cc/line-shops/5776?p=dotdot_orders&utm_source=gmb&utm_medium=cpc&token=f35b484207653b130d05bd5df413e2b6feffe49f5ef000678a89601617e6334e,https://www.facebook.com/profile.php?id=100063775701217,https://g.co/kgs/4D4fmdY,c://,0,0,0,0,0
23,鮮茶道台北站前店,223882627,100台北市中正區南陽街1號1號樓E區,"星期六11:00–19:00
星期日11:00–19:00
星期一11:00–19:00
星期二11:00–19:00
星期三11:00–19:00
星期四11:00–19:00
星期五11:00–19:00",0,純茶派,2,"https://order.nidin.shop/menu/15007
https://www.foodpanda.com.tw/restaurant/nv9t/xian-cha-dao-tai-bei-zhan-qian-dian",https://www.facebook.com/p/%E9%AE%AE%E8%8C%B6%E9%81%93-%E5%8F%B0%E5%8C%97%E7%AB%99%E5%89%8D%E5%BA%97-100088359897797/?_rdr,https://www.google.com.tw/maps/place/%E9%AE%AE%E8%8C%B6%E9%81%93%E5%8F%B0%E5%8C%97%E7%AB%99%E5%89%8D%E5%BA%97/@25.0455521,c://,0,0,0,0,0
25,坪林手 赤峰,02 2559 5939,台北市大同區赤峰街53巷23號1樓,"星期六        11:00–20:45
星期日        11:00–19:45
星期一        11:00–20:00
星期二        11:00–20:00
星期三        11:00–20:00
星期四        11:00–20:00
星期五        11:00–20:45",0,純茶派,2,https://www.ubereats.com/tw/store/%E5%9D%AA%E6%9E%97%E6%89%8B%E8%B5%A4%E5%B3%B0/SHK4tiY6XhytMpE4SmxqaA?diningMode=DELIVERY&pl=JTdCJTIyYWRkcmVzcyUyMiUzQSUyMiVFNSU5QyU4QiVFNyVBQiU4QiVFOCU4NyVCQSVFNyU4MSVBMyVFNSVBNCVBNyVFNSVBRCVCOCUyMiUyQyUyMnJlZmVyZW5jZSUyMiUzQSUyMkNoSUpxUzR5X29tcFFqUVJabjhkN2dRRWRTRSUyMiUyQyUyMnJlZmVyZW5jZVR5cGUlMjIlM0ElMjJnb29nbGVfcGxhY2VzJTIyJTJDJTIybGF0aXR1ZGUlMjIlM0EyNS4wMTczNDA1JTJDJTIybG9uZ2l0dWRlJTIyJTNBMTIxLjUzOTc1MTglN0Q%3D,https://www.facebook.com/pinatshiu/?locale=zh_TW,https://www.google.com.tw/maps/place/Pinatshiu+ChiFeng+%E5%9D%AA%E6%9E%97%E6%89%8B+%E8%B5%A4%E5%B3%B0/@25.0562193,c://,0,0,0,0,0
24,"
禮想紅茶烏龍專販所-台大公館所",223679850,台北市中正區羅斯福路三段316巷3之1號,"星期六11:00–20:30
星期日11:00–20:30
星期一11:00–20:30
星期二11:00–20:30
星期三11:00–20:30
星期四11:00–20:30
星期五11:00–20:30",0,純茶派,2,"https://order.nidin.shop/menu/17663
https://www.ubereats.com/tw/store/%E7%A6%AE%E6%83%B3%E7%B4%85%E8%8C%B6%E7%83%8F%E9%BE%8D%E5%B0%88%E8%B2%A9%E6%89%80-%E5%8F%B0%E5%A4%A7%E5%85%AC%E9%A4%A8%E6%89%80/yk2pgK8kVRK3wtQ8qYnv5g?diningMode=DELIVERY&pl=JTdCJTIyYWRkcmVzcyUyMiUzQSUyMiVFNSU5QyU4QiVFNyVBQiU4QiVFOCU4NyVCQSVFNyU4MSVBMyVFNSVBNCVBNyVFNSVBRCVCOCUyMiUyQyUyMnJlZmVyZW5jZSUyMiUzQSUyMkNoSUpxUzR5X29tcFFqUVJabjhkN2dRRWRTRSUyMiUyQyUyMnJlZmVyZW5jZVR5cGUlMjIlM0ElMjJnb29nbGVfcGxhY2VzJTIyJTJDJTIybGF0aXR1ZGUl",https://www.facebook.com/idealtea.tw/,https://www.google.com.tw/maps/place/%E7%A6%AE%E6%83%B3%E7%B4%85%E8%8C%B6%E7%83%8F%E9%BE%8D%E5%B0%88%E8%B2%A9%E6%89%80-%E5%8F%B0%E5%A4%A7%E5%85%AC%E9%A4%A8%E6%89%80/@25.0156701,c://,0,0,0,0,0
13,KAZU鮨,0911-031-786,106台北市大安區樂業街68號,"星期六 12:00–14:30, 17:30–21:00
星期日 12:00–14:30, 17:30–21:00
星期一 休息
星期二 12:00–14:30, 17:30–21:00
星期三 12:00–14:30, 17:30–21:00
星期四 12:00–14:30, 17:30–21:00
星期五 12:00–14:30, 17:30–21:00",0,日式,1,電話訂位,https://www.instagram.com/kazu_sushi/?igshid=YmMyMTA2M2Y%3D,https://g.co/kgs/BGiQCfU,c://,0,0,0,0,0
19,大茗本位製茶堂-台北公館店,223673535,台北市中正區汀州路三段158之1號,"星期六	10:30–22:00
星期日	10:30–22:00
星期一	10:30–22:00
星期二	10:30–22:00
星期三	10:30–22:00
星期四	10:30–22:00
星期五	10:30–22:00",0,純茶派,2,https://www.ubereats.com/tw/store/%E5%A4%A7%E8%8C%97%E6%9C%AC%E4%BD%8D%E8%A3%BD%E8%8C%B6%E5%A0%82-%E5%8F%B0%E5%8C%97%E5%85%AC%E9%A4%A8%E5%BA%97/oPaf_tmOVKyt6ozVwM47hg?diningMode=DELIVERY&pl=JTdCJTIyYWRkcmVzcyUyMiUzQSUyMiVFNSU5QyU4QiVFNyVBQiU4QiVFOCU4NyVCQSVFNyU4MSVBMyVFNSVBNCVBNyVFNSVBRCVCOCUyMiUyQyUyMnJlZmVyZW5jZSUyMiUzQSUyMkNoSUpxUzR5X29tcFFqUVJabjhkN2dRRWRTRSUyMiUyQyUyMnJlZmVyZW5jZVR5cGUlMjIlM0ElMjJnb29nbGVfcGxhY2VzJTIyJTJDJTIybGF0aXR1ZGUlMjIlM0EyNS4wMTczNDA1JTJDJTIybG9uZ2l0dWRlJTIyJTNBMTIxLj,https://www.facebook.com/profile.php?id=100067777907132,https://www.google.com.tw/maps/place/%E5%A4%A7%E8%8C%97%E6%9C%AC%E4%BD%8D%E8%A3%BD%E8%8C%B6%E5%A0%82-%E5%8F%B0%E5%8C%97%E5%85%AC%E9%A4%A8%E5%BA%97/@25.0134886,c://,0,0,0,0,0
17,99%韓式燒烤,02-2736-0119,106台北市大安區樂業街87號,"星期六 11:30–14:00, 16:00–21:00
星期日 11:30–14:00, 16:00–21:00
星期一 11:30–14:00, 16:00–21:00
星期二 11:30–14:00, 16:00–21:00
星期三 11:30–14:00, 16:00–21:00
星期四 11:30–14:00, 16:00–21:00
星期五 11:30–14:00, 16:00–21:00",0,韓式,1,電話訂位,https://www.facebook.com/profile.php?id=100092295227119,https://g.co/kgs/75UFGHP,c://,0,0,0,0,0
27,春水堂 中正店,02 3393 9529,台北市中正區中山南路21之1號,"星期六	11:30–20:50
星期日	11:30–20:50
星期一	11:30–20:50
星期二	11:30–20:50
星期三	11:30–20:50
星期四	11:30–20:50
星期五	11:30–20:50",0,奶類讚,2,https://www.chunshuitang.com.tw/news-detail/online_order/,https://www.chunshuitang.com.tw/,https://www.google.com.tw/maps/place/%E6%98%A5%E6%B0%B4%E5%A0%82+%E4%B8%AD%E6%AD%A3%E5%BA%97/@25.0368008,c://,0,0,0,0,0
30,茶湯會南門店,223410808,台北市中正區南昌路一段49號,"星期六11:00–21:00
星期日休息
星期一10:00–21:30
星期二10:00–21:30
星期三10:00–21:30
星期四10:00–21:30
星期五10:00–21:30",0,奶類讚,2,https://www.ubereats.com/tw/store/%E8%8C%B6%E6%B9%AF%E6%9C%83%E5%8D%97%E9%96%80%E5%BA%97/4wyZWPVgQoS-wAYgqm_7AQ?diningMode=DELIVERY&pl=JTdCJTIyYWRkcmVzcyUyMiUzQSUyMiVFNSU5QyU4QiVFNyVBQiU4QiVFOCU4NyVCQSVFNyU4MSVBMyVFNSVBNCVBNyVFNSVBRCVCOCUyMiUyQyUyMnJlZmVyZW5jZSUyMiUzQSUyMkNoSUpxUzR5X29tcFFqUVJabjhkN2dRRWRTRSUyMiUyQyUyMnJlZmVyZW5jZVR5cGUlMjIlM0ElMjJnb29nbGVfcGxhY2VzJTIyJTJDJTIybGF0aXR1ZGUlMjIlM0EyNS4wMTczNDA1JTJDJTIybG9uZ2l0dWRlJTIyJTNBMTIxLjUzOTc1MTglN0Q%3D,https://tw.tp-tea.com/,https://www.google.com.tw/maps/place/%E8%8C%B6%E6%B9%AF%E6%9C%83%E5%8D%97%E9%96%80%E5%BA%97/@25.0313745,c://,0,0,0,0,0
21,得正#台北公館計劃,223683130,台北市中正區羅斯福路三段316巷10-2號,"星期六11:00–21:30
星期日11:00–21:30
星期一11:00–21:00
星期二11:00–21:00
星期三11:00–21:00
星期四11:00–21:00
星期五11:00–21:30",0,純茶派,2,https://order.nidin.shop/menu/20631,https://www.instagram.com/dejeng_gongguan/,https://www.google.com.tw/maps/place/%E5%BE%97%E6%AD%A3%23%E5%8F%B0%E5%8C%97%E5%85%AC%E9%A4%A8%E8%A8%88%E5%8A%83/@25.0155969,c://,0,0,0,0,0
26,50嵐 重慶店,02 2558 7150,台北市大同區重慶北路一段84號,"星期六	10:00–22:00
星期日	11:00–22:00
星期一	10:00–22:00
星期二	10:00–22:00
星期三	10:00–22:00
星期四	10:00–22:00
星期五	10:00–22:00",0,奶類讚,2,"https://order.nidin.shop/menu/1541
https://www.foodpanda.com.tw/restaurant/d3nb/50lan-zhong-qing-dian",http://50lan.com/web/news.asp,https://www.google.com.tw/maps/place/50%E5%B5%90+%E9%87%8D%E6%85%B6%E5%BA%97/@25.0525346,c://,0,0,0,0,0
